avg_elapsed: 98018.59160999196
deadline_miss: -102821.94
max_elapsed: 98023.541590099
